#    1  :Niter    2  :time    3  :total_Niter    4  :total_time    5  :Deformation Parameter
 1  0.9999999999999998E-003 1  0.9999999999999998E-003  1.0002792516285536E+000
 2  1.9999999999999996E-003 2  1.9999999999999996E-003  1.0007923224064667E+000
 3  2.9999999999999996E-003 3  2.9999999999999996E-003  1.0015151467227800E+000
 4  3.9999999999999991E-003 4  3.9999999999999991E-003  1.0024394876674471E+000
 5  4.9999999999999991E-003 5  4.9999999999999991E-003  1.0035555459223706E+000
 6  5.9999999999999991E-003 6  5.9999999999999991E-003  1.0048388527630915E+000
 7  6.9999999999999982E-003 7  6.9999999999999982E-003  1.0062917179504657E+000
 8  7.9999999999999982E-003 8  7.9999999999999982E-003  1.0078936156078437E+000
 9  8.9999999999999982E-003 9  8.9999999999999982E-003  1.0096381946947090E+000
 10  1.0000000000000000E-002 10  1.0000000000000000E-002  1.0115195124890572E+000
 11  1.1000000000000000E-002 11  1.1000000000000000E-002  1.0135280144976510E+000
 12  1.2000000000000001E-002 12  1.2000000000000001E-002  1.0156735510539678E+000
 13  1.3000000000000002E-002 13  1.3000000000000002E-002  1.0179515241673293E+000
 14  1.4000000000000003E-002 14  1.4000000000000003E-002  1.0203579409320171E+000
 15  1.5000000000000004E-002 15  1.5000000000000004E-002  1.0228743967644811E+000
 16  1.6000000000000005E-002 16  1.6000000000000005E-002  1.0255128814427250E+000
 17  1.7000000000000006E-002 17  1.7000000000000006E-002  1.0282785387386075E+000
 18  1.8000000000000007E-002 18  1.8000000000000007E-002  1.0312075648025091E+000
 19  1.9000000000000007E-002 19  1.9000000000000007E-002  1.0343558774833447E+000
 20  2.0000000000000008E-002 20  2.0000000000000008E-002  1.0375949769004533E+000
 21  2.1000000000000009E-002 21  2.1000000000000009E-002  1.0409928306825195E+000
 22  2.2000000000000010E-002 22  2.2000000000000010E-002  1.0445143184432610E+000
 23  2.3000000000000011E-002 23  2.3000000000000011E-002  1.0481418777979916E+000
 24  2.4000000000000012E-002 24  2.4000000000000012E-002  1.0518798940411362E+000
 25  2.5000000000000013E-002 25  2.5000000000000013E-002  1.0558348526210894E+000
 26  2.6000000000000014E-002 26  2.6000000000000014E-002  1.0599364743945409E+000
 27  2.7000000000000015E-002 27  2.7000000000000015E-002  1.0641918383298765E+000
 28  2.8000000000000015E-002 28  2.8000000000000015E-002  1.0685640688058750E+000
 29  2.9000000000000017E-002 29  2.9000000000000017E-002  1.0730458670509732E+000
 30  3.0000000000000013E-002 30  3.0000000000000013E-002  1.0776101838404428E+000
 31  3.1000000000000014E-002 31  3.1000000000000014E-002  1.0822667058497148E+000
 32  3.2000000000000015E-002 32  3.2000000000000015E-002  1.0869980561573326E+000
 33  3.3000000000000015E-002 33  3.3000000000000015E-002  1.0918197822596731E+000
 34  3.4000000000000016E-002 34  3.4000000000000016E-002  1.0967250828554455E+000
 35  3.5000000000000017E-002 35  3.5000000000000017E-002  1.1017111009625957E+000
 36  3.6000000000000018E-002 36  3.6000000000000018E-002  1.1067731306096841E+000
 37  3.7000000000000019E-002 37  3.7000000000000019E-002  1.1119453085767150E+000
 38  3.8000000000000021E-002 38  3.8000000000000021E-002  1.1173261825591567E+000
 39  3.9000000000000021E-002 39  3.9000000000000021E-002  1.1228245403216587E+000
 40  4.0000000000000026E-002 40  4.0000000000000026E-002  1.1284142505080596E+000
 41  4.1000000000000023E-002 41  4.1000000000000023E-002  1.1340417990868663E+000
 42  4.2000000000000028E-002 42  4.2000000000000028E-002  1.1399151969834668E+000
 43  4.3000000000000024E-002 43  4.3000000000000024E-002  1.1459472623981177E+000
 44  4.4000000000000030E-002 44  4.4000000000000030E-002  1.1520568424330563E+000
 45  4.5000000000000026E-002 45  4.5000000000000026E-002  1.1582406055964582E+000
 46  4.6000000000000023E-002 46  4.6000000000000023E-002  1.1645377862138708E+000
 47  4.7000000000000028E-002 47  4.7000000000000028E-002  1.1709011596726721E+000
 48  4.8000000000000024E-002 48  4.8000000000000024E-002  1.1773337985042866E+000
 49  4.9000000000000030E-002 49  4.9000000000000030E-002  1.1838071347378960E+000
 50  5.0000000000000026E-002 50  5.0000000000000026E-002  1.1903529979493785E+000
 51  5.1000000000000031E-002 51  5.1000000000000031E-002  1.1969506205822824E+000
 52  5.2000000000000028E-002 52  5.2000000000000028E-002  1.2037711270336353E+000
 53  5.3000000000000033E-002 53  5.3000000000000033E-002  1.2106893447248912E+000
 54  5.4000000000000030E-002 54  5.4000000000000030E-002  1.2177068073482781E+000
 55  5.5000000000000035E-002 55  5.5000000000000035E-002  1.2249056296260347E+000
 56  5.6000000000000031E-002 56  5.6000000000000031E-002  1.2322835171022383E+000
 57  5.7000000000000037E-002 57  5.7000000000000037E-002  1.2396930897461639E+000
 58  5.8000000000000033E-002 58  5.8000000000000033E-002  1.2472491104852803E+000
 59  5.9000000000000039E-002 59  5.9000000000000039E-002  1.2548651702639039E+000
 60  6.0000000000000035E-002 60  6.0000000000000035E-002  1.2625118490900433E+000
 61  6.1000000000000040E-002 61  6.1000000000000040E-002  1.2702206286000423E+000
 62  6.2000000000000037E-002 62  6.2000000000000037E-002  1.2779748184298747E+000
 63  6.3000000000000033E-002 63  6.3000000000000033E-002  1.2857312658232571E+000
 64  6.4000000000000030E-002 64  6.4000000000000030E-002  1.2935372809459866E+000
 65  6.5000000000000035E-002 65  6.5000000000000035E-002  1.3014798891147545E+000
 66  6.6000000000000031E-002 66  6.6000000000000031E-002  1.3094776139167436E+000
 67  6.7000000000000037E-002 67  6.7000000000000037E-002  1.3177507852455458E+000
 68  6.8000000000000033E-002 68  6.8000000000000033E-002  1.3260767590265276E+000
 69  6.9000000000000039E-002 69  6.9000000000000039E-002  1.3345747714849878E+000
 70  7.0000000000000035E-002 70  7.0000000000000035E-002  1.3430438203729151E+000
 71  7.1000000000000040E-002 71  7.1000000000000040E-002  1.3515289796732361E+000
 72  7.2000000000000037E-002 72  7.2000000000000037E-002  1.3600624428476342E+000
 73  7.3000000000000042E-002 73  7.3000000000000042E-002  1.3685853955701821E+000
 74  7.4000000000000039E-002 74  7.4000000000000039E-002  1.3770768892801577E+000
 75  7.5000000000000044E-002 75  7.5000000000000044E-002  1.3855320422567538E+000
 76  7.6000000000000040E-002 76  7.6000000000000040E-002  1.3939715669145342E+000
 77  7.7000000000000046E-002 77  7.7000000000000046E-002  1.4025968882033755E+000
 78  7.8000000000000042E-002 78  7.8000000000000042E-002  1.4112141792001096E+000
 79  7.9000000000000047E-002 79  7.9000000000000047E-002  1.4201006769036146E+000
 80  8.0000000000000053E-002 80  8.0000000000000053E-002  1.4290822030480640E+000
 81  8.1000000000000049E-002 81  8.1000000000000049E-002  1.4380384024957737E+000
 82  8.2000000000000046E-002 82  8.2000000000000046E-002  1.4469724901136089E+000
 83  8.3000000000000042E-002 83  8.3000000000000042E-002  1.4560004241904658E+000
 84  8.4000000000000056E-002 84  8.4000000000000056E-002  1.4648737033059104E+000
 85  8.5000000000000053E-002 85  8.5000000000000053E-002  1.4737029413663400E+000
 86  8.6000000000000049E-002 86  8.6000000000000049E-002  1.4824167608413740E+000
 87  8.7000000000000046E-002 87  8.7000000000000046E-002  1.4910927026964069E+000
 88  8.8000000000000060E-002 88  8.8000000000000060E-002  1.4997250529605690E+000
 89  8.9000000000000056E-002 89  8.9000000000000056E-002  1.5082691704772708E+000
 90  9.0000000000000053E-002 90  9.0000000000000053E-002  1.5168935468627080E+000
 91  9.1000000000000049E-002 91  9.1000000000000049E-002  1.5256401091343674E+000
 92  9.2000000000000046E-002 92  9.2000000000000046E-002  1.5345393455374470E+000
 93  9.3000000000000060E-002 93  9.3000000000000060E-002  1.5433308947756387E+000
 94  9.4000000000000056E-002 94  9.4000000000000056E-002  1.5522175607309116E+000
 95  9.5000000000000053E-002 95  9.5000000000000053E-002  1.5610511137805699E+000
 96  9.6000000000000049E-002 96  9.6000000000000049E-002  1.5697469085707169E+000
 97  9.7000000000000063E-002 97  9.7000000000000063E-002  1.5783440307203456E+000
 98  9.8000000000000060E-002 98  9.8000000000000060E-002  1.5869058777475341E+000
 99  9.9000000000000056E-002 99  9.9000000000000056E-002  1.5953672591262247E+000
 100  1.0000000000000006E-001 100  1.0000000000000006E-001  1.6037141024668928E+000
 101  1.0100000000000006E-001 101  1.0100000000000006E-001  1.6119531582843027E+000
 102  1.0200000000000006E-001 102  1.0200000000000006E-001  1.6200508263441171E+000
 103  1.0300000000000006E-001 103  1.0300000000000006E-001  1.6279724922696406E+000
 104  1.0400000000000007E-001 104  1.0400000000000007E-001  1.6357772931374729E+000
 105  1.0500000000000007E-001 105  1.0500000000000007E-001  1.6434678303894263E+000
 106  1.0600000000000007E-001 106  1.0600000000000007E-001  1.6511650836166036E+000
 107  1.0700000000000007E-001 107  1.0700000000000007E-001  1.6590538092650870E+000
 108  1.0800000000000007E-001 108  1.0800000000000007E-001  1.6670057869756771E+000
 109  1.0900000000000007E-001 109  1.0900000000000007E-001  1.6748173428333601E+000
 110  1.1000000000000007E-001 110  1.1000000000000007E-001  1.6825398961162914E+000
 111  1.1100000000000007E-001 111  1.1100000000000007E-001  1.6900519403588822E+000
 112  1.1200000000000007E-001 112  1.1200000000000007E-001  1.6974019524836672E+000
 113  1.1300000000000007E-001 113  1.1300000000000007E-001  1.7045525616581937E+000
 114  1.1400000000000007E-001 114  1.1400000000000007E-001  1.7115327573971019E+000
 115  1.1500000000000007E-001 115  1.1500000000000007E-001  1.7182815083875175E+000
 116  1.1600000000000008E-001 116  1.1600000000000008E-001  1.7248337679367303E+000
 117  1.1700000000000008E-001 117  1.1700000000000008E-001  1.7312086792532499E+000
 118  1.1800000000000008E-001 118  1.1800000000000008E-001  1.7374279046210725E+000
 119  1.1900000000000008E-001 119  1.1900000000000008E-001  1.7434450410420287E+000
 120  1.2000000000000008E-001 120  1.2000000000000008E-001  1.7493013696203432E+000
 121  1.2100000000000008E-001 121  1.2100000000000008E-001  1.7549670782504193E+000
 122  1.2200000000000008E-001 122  1.2200000000000008E-001  1.7603954944612669E+000
 123  1.2300000000000008E-001 123  1.2300000000000008E-001  1.7655534449536824E+000
 124  1.2400000000000008E-001 124  1.2400000000000008E-001  1.7704550255212499E+000
 125  1.2500000000000008E-001 125  1.2500000000000008E-001  1.7751558130229754E+000
 126  1.2600000000000008E-001 126  1.2600000000000008E-001  1.7796371862484987E+000
 127  1.2700000000000009E-001 127  1.2700000000000009E-001  1.7839224001434306E+000
 128  1.2800000000000009E-001 128  1.2800000000000009E-001  1.7880125217243916E+000
 129  1.2900000000000009E-001 129  1.2900000000000009E-001  1.7918554813200215E+000
 130  1.3000000000000009E-001 130  1.3000000000000009E-001  1.7955039194128506E+000
 131  1.3100000000000009E-001 131  1.3100000000000009E-001  1.7989178701619257E+000
 132  1.3200000000000009E-001 132  1.3200000000000009E-001  1.8021962116299864E+000
 133  1.3300000000000009E-001 133  1.3300000000000009E-001  1.8055502206746128E+000
 134  1.3400000000000009E-001 134  1.3400000000000009E-001  1.8085469194271821E+000
 135  1.3500000000000009E-001 135  1.3500000000000009E-001  1.8112513707013619E+000
 136  1.3600000000000009E-001 136  1.3600000000000009E-001  1.8139642988830829E+000
 137  1.3700000000000009E-001 137  1.3700000000000009E-001  1.8164438026828410E+000
 138  1.3800000000000009E-001 138  1.3800000000000009E-001  1.8186937390652706E+000
 139  1.3900000000000010E-001 139  1.3900000000000010E-001  1.8206691840879615E+000
 140  1.4000000000000010E-001 140  1.4000000000000010E-001  1.8224017005880428E+000
 141  1.4100000000000010E-001 141  1.4100000000000010E-001  1.8240580209615259E+000
 142  1.4200000000000009E-001 142  1.4200000000000009E-001  1.8255906488991730E+000
 143  1.4300000000000010E-001 143  1.4300000000000010E-001  1.8268439218819578E+000
 144  1.4400000000000011E-001 144  1.4400000000000011E-001  1.8278441035097118E+000
 145  1.4500000000000010E-001 145  1.4500000000000010E-001  1.8285718260679253E+000
 146  1.4600000000000010E-001 146  1.4600000000000010E-001  1.8290592381343643E+000
 147  1.4700000000000010E-001 147  1.4700000000000010E-001  1.8293180869527745E+000
 148  1.4800000000000011E-001 148  1.4800000000000011E-001  1.8292494584908675E+000
 149  1.4900000000000011E-001 149  1.4900000000000011E-001  1.8288984937956684E+000
 150  1.5000000000000010E-001 150  1.5000000000000010E-001  1.8284015331060551E+000
 151  1.5100000000000011E-001 151  1.5100000000000011E-001  1.8277416492879483E+000
 152  1.5200000000000011E-001 152  1.5200000000000011E-001  1.8269172019375773E+000
 153  1.5300000000000011E-001 153  1.5300000000000011E-001  1.8259401331277169E+000
 154  1.5400000000000011E-001 154  1.5400000000000011E-001  1.8248089232674232E+000
 155  1.5500000000000011E-001 155  1.5500000000000011E-001  1.8233087864851828E+000
 156  1.5600000000000012E-001 156  1.5600000000000012E-001  1.8216318273323665E+000
 157  1.5700000000000011E-001 157  1.5700000000000011E-001  1.8197717262622068E+000
 158  1.5800000000000011E-001 158  1.5800000000000011E-001  1.8176216986699190E+000
 159  1.5900000000000011E-001 159  1.5900000000000011E-001  1.8153414017149643E+000
 160  1.6000000000000012E-001 160  1.6000000000000012E-001  1.8126656967609363E+000
 161  1.6100000000000012E-001 161  1.6100000000000012E-001  1.8096945570783404E+000
 162  1.6200000000000011E-001 162  1.6200000000000011E-001  1.8067596806512373E+000
 163  1.6300000000000012E-001 163  1.6300000000000012E-001  1.8038039575810644E+000
 164  1.6400000000000012E-001 164  1.6400000000000012E-001  1.8007570523347332E+000
 165  1.6500000000000012E-001 165  1.6500000000000012E-001  1.7975418957395721E+000
 166  1.6600000000000012E-001 166  1.6600000000000012E-001  1.7944910473407514E+000
 167  1.6700000000000012E-001 167  1.6700000000000012E-001  1.7915392774519607E+000
 168  1.6800000000000013E-001 168  1.6800000000000013E-001  1.7886195784151494E+000
 169  1.6900000000000012E-001 169  1.6900000000000012E-001  1.7857387034082035E+000
 170  1.7000000000000012E-001 170  1.7000000000000012E-001  1.7828746270255848E+000
 171  1.7100000000000012E-001 171  1.7100000000000012E-001  1.7800155505607866E+000
 172  1.7200000000000013E-001 172  1.7200000000000013E-001  1.7771914788598830E+000
 173  1.7300000000000013E-001 173  1.7300000000000013E-001  1.7743795279680679E+000
 174  1.7400000000000012E-001 174  1.7400000000000012E-001  1.7715487768615147E+000
 175  1.7500000000000013E-001 175  1.7500000000000013E-001  1.7686927546314570E+000
 176  1.7600000000000013E-001 176  1.7600000000000013E-001  1.7658244331941570E+000
 177  1.7700000000000013E-001 177  1.7700000000000013E-001  1.7629823578019506E+000
 178  1.7800000000000013E-001 178  1.7800000000000013E-001  1.7601126220936680E+000
 179  1.7900000000000013E-001 179  1.7900000000000013E-001  1.7572579801944816E+000
 180  1.8000000000000014E-001 180  1.8000000000000014E-001  1.7543821637081926E+000
 181  1.8100000000000013E-001 181  1.8100000000000013E-001  1.7514994058290365E+000
 182  1.8200000000000013E-001 182  1.8200000000000013E-001  1.7486280295236424E+000
 183  1.8300000000000014E-001 183  1.8300000000000014E-001  1.7457913968692990E+000
 184  1.8400000000000014E-001 184  1.8400000000000014E-001  1.7429888939531137E+000
 185  1.8500000000000014E-001 185  1.8500000000000014E-001  1.7402503744712776E+000
 186  1.8600000000000013E-001 186  1.8600000000000013E-001  1.7375336855901184E+000
 187  1.8700000000000013E-001 187  1.8700000000000013E-001  1.7348514250491239E+000
 188  1.8800000000000014E-001 188  1.8800000000000014E-001  1.7322071625446633E+000
 189  1.8900000000000014E-001 189  1.8900000000000014E-001  1.7296524907501360E+000
 190  1.9000000000000014E-001 190  1.9000000000000014E-001  1.7271432634168961E+000
 191  1.9100000000000015E-001 191  1.9100000000000015E-001  1.7246995393335549E+000
 192  1.9200000000000015E-001 192  1.9200000000000015E-001  1.7223552153886729E+000
 193  1.9300000000000014E-001 193  1.9300000000000014E-001  1.7200764374042874E+000
 194  1.9400000000000014E-001 194  1.9400000000000014E-001  1.7178467210261034E+000
 195  1.9500000000000014E-001 195  1.9500000000000014E-001  1.7156798393996394E+000
 196  1.9600000000000015E-001 196  1.9600000000000015E-001  1.7135332673213694E+000
 197  1.9700000000000015E-001 197  1.9700000000000015E-001  1.7113923594958291E+000
 198  1.9800000000000014E-001 198  1.9800000000000014E-001  1.7092959053395953E+000
 199  1.9900000000000016E-001 199  1.9900000000000016E-001  1.7072207320916879E+000
 200  2.0000000000000013E-001 200  2.0000000000000013E-001  1.7051850917895096E+000
 201  2.0100000000000015E-001 201  2.0100000000000015E-001  1.7031960963459502E+000
 202  2.0200000000000013E-001 202  2.0200000000000013E-001  1.7012877837592370E+000
 203  2.0300000000000015E-001 203  2.0300000000000015E-001  1.6994584637643574E+000
 204  2.0400000000000013E-001 204  2.0400000000000013E-001  1.6977046917469453E+000
 205  2.0500000000000015E-001 205  2.0500000000000015E-001  1.6959948303962974E+000
 206  2.0600000000000013E-001 206  2.0600000000000013E-001  1.6942734373194361E+000
 207  2.0700000000000016E-001 207  2.0700000000000016E-001  1.6925873646340474E+000
 208  2.0800000000000014E-001 208  2.0800000000000014E-001  1.6909142284733080E+000
 209  2.0900000000000016E-001 209  2.0900000000000016E-001  1.6892893059145226E+000
 210  2.1000000000000014E-001 210  2.1000000000000014E-001  1.6876023525840253E+000
 211  2.1100000000000016E-001 211  2.1100000000000016E-001  1.6858198088709457E+000
 212  2.1200000000000014E-001 212  2.1200000000000014E-001  1.6840425476992613E+000
 213  2.1300000000000016E-001 213  2.1300000000000016E-001  1.6822785745819683E+000
 214  2.1400000000000014E-001 214  2.1400000000000014E-001  1.6803777048563983E+000
 215  2.1500000000000016E-001 215  2.1500000000000016E-001  1.6785770238327568E+000
 216  2.1600000000000014E-001 216  2.1600000000000014E-001  1.6768529347024701E+000
 217  2.1700000000000017E-001 217  2.1700000000000017E-001  1.6751353495443943E+000
 218  2.1800000000000014E-001 218  2.1800000000000014E-001  1.6734733744578242E+000
 219  2.1900000000000017E-001 219  2.1900000000000017E-001  1.6717072517595061E+000
 220  2.2000000000000015E-001 220  2.2000000000000015E-001  1.6701425177955981E+000
 221  2.2100000000000017E-001 221  2.2100000000000017E-001  1.6686822897570989E+000
 222  2.2200000000000015E-001 222  2.2200000000000015E-001  1.6672613574388812E+000
 223  2.2300000000000017E-001 223  2.2300000000000017E-001  1.6659791490234048E+000
 224  2.2400000000000015E-001 224  2.2400000000000015E-001  1.6648166682786786E+000
 225  2.2500000000000017E-001 225  2.2500000000000017E-001  1.6637937535135920E+000
 226  2.2600000000000015E-001 226  2.2600000000000015E-001  1.6628740683225402E+000
 227  2.2700000000000017E-001 227  2.2700000000000017E-001  1.6620658604941269E+000
 228  2.2800000000000015E-001 228  2.2800000000000015E-001  1.6613568478557521E+000
 229  2.2900000000000018E-001 229  2.2900000000000018E-001  1.6607445077061782E+000
 230  2.3000000000000015E-001 230  2.3000000000000015E-001  1.6602144040782665E+000
 231  2.3100000000000018E-001 231  2.3100000000000018E-001  1.6597605283099126E+000
 232  2.3200000000000016E-001 232  2.3200000000000016E-001  1.6593763565429108E+000
 233  2.3300000000000018E-001 233  2.3300000000000018E-001  1.6590578936394377E+000
 234  2.3400000000000016E-001 234  2.3400000000000016E-001  1.6588042326456974E+000
 235  2.3500000000000018E-001 235  2.3500000000000018E-001  1.6586129553451787E+000
 236  2.3600000000000016E-001 236  2.3600000000000016E-001  1.6584813394441761E+000
 237  2.3700000000000018E-001 237  2.3700000000000018E-001  1.6584078175232814E+000
 238  2.3800000000000016E-001 238  2.3800000000000016E-001  1.6583989472982095E+000
 239  2.3900000000000019E-001 239  2.3900000000000019E-001  1.6584510540694791E+000
 240  2.4000000000000016E-001 240  2.4000000000000016E-001  1.6585523315740962E+000
 241  2.4100000000000019E-001 241  2.4100000000000019E-001  1.6587009462856334E+000
 242  2.4200000000000017E-001 242  2.4200000000000017E-001  1.6589010486633837E+000
 243  2.4300000000000019E-001 243  2.4300000000000019E-001  1.6591505919501646E+000
 244  2.4400000000000017E-001 244  2.4400000000000017E-001  1.6594458823080131E+000
 245  2.4500000000000019E-001 245  2.4500000000000019E-001  1.6597866404414580E+000
 246  2.4600000000000017E-001 246  2.4600000000000017E-001  1.6601696258019571E+000
 247  2.4700000000000019E-001 247  2.4700000000000019E-001  1.6605909594073919E+000
 248  2.4800000000000017E-001 248  2.4800000000000017E-001  1.6610476304309291E+000
 249  2.4900000000000019E-001 249  2.4900000000000019E-001  1.6615380352131017E+000
 250  2.5000000000000017E-001 250  2.5000000000000017E-001  1.6620566924783584E+000
 251  2.5100000000000015E-001 251  2.5100000000000015E-001  1.6626046579608706E+000
 252  2.5200000000000017E-001 252  2.5200000000000017E-001  1.6631810070456247E+000
 253  2.5300000000000015E-001 253  2.5300000000000015E-001  1.6637710302439190E+000
 254  2.5400000000000018E-001 254  2.5400000000000018E-001  1.6644206470950726E+000
 255  2.5500000000000015E-001 255  2.5500000000000015E-001  1.6650714610021122E+000
 256  2.5600000000000018E-001 256  2.5600000000000018E-001  1.6657353211209329E+000
 257  2.5700000000000016E-001 257  2.5700000000000016E-001  1.6664092502727719E+000
 258  2.5800000000000018E-001 258  2.5800000000000018E-001  1.6670919897138187E+000
 259  2.5900000000000016E-001 259  2.5900000000000016E-001  1.6677763461109524E+000
 260  2.6000000000000018E-001 260  2.6000000000000018E-001  1.6684587671947321E+000
 261  2.6100000000000016E-001 261  2.6100000000000016E-001  1.6691373969496057E+000
 262  2.6200000000000018E-001 262  2.6200000000000018E-001  1.6697949920400398E+000
 263  2.6300000000000016E-001 263  2.6300000000000016E-001  1.6704245476873060E+000
 264  2.6400000000000019E-001 264  2.6400000000000019E-001  1.6710823610560976E+000
 265  2.6500000000000016E-001 265  2.6500000000000016E-001  1.6717564424792623E+000
 266  2.6600000000000019E-001 266  2.6600000000000019E-001  1.6724482559315447E+000
 267  2.6700000000000017E-001 267  2.6700000000000017E-001  1.6731458908938597E+000
 268  2.6800000000000019E-001 268  2.6800000000000019E-001  1.6739435793958001E+000
 269  2.6900000000000017E-001 269  2.6900000000000017E-001  1.6745592699415290E+000
 270  2.7000000000000019E-001 270  2.7000000000000019E-001  1.6750542058595412E+000
 271  2.7100000000000017E-001 271  2.7100000000000017E-001  1.6754538775029159E+000
 272  2.7200000000000019E-001 272  2.7200000000000019E-001  1.6757587019118029E+000
 273  2.7300000000000017E-001 273  2.7300000000000017E-001  1.6760273999530328E+000
 274  2.7400000000000019E-001 274  2.7400000000000019E-001  1.6762613610863416E+000
 275  2.7500000000000017E-001 275  2.7500000000000017E-001  1.6764381987750411E+000
 276  2.7600000000000020E-001 276  2.7600000000000020E-001  1.6767277172058188E+000
 277  2.7700000000000017E-001 277  2.7700000000000017E-001  1.6770690476464775E+000
 278  2.7800000000000020E-001 278  2.7800000000000020E-001  1.6774608448683874E+000
 279  2.7900000000000018E-001 279  2.7900000000000018E-001  1.6778991777689244E+000
 280  2.8000000000000021E-001 280  2.8000000000000021E-001  1.6783249240159112E+000
 281  2.8100000000000019E-001 281  2.8100000000000019E-001  1.6787587548369778E+000
 282  2.8200000000000020E-001 282  2.8200000000000020E-001  1.6791652839032186E+000
 283  2.8300000000000018E-001 283  2.8300000000000018E-001  1.6795600866825719E+000
 284  2.8400000000000019E-001 284  2.8400000000000019E-001  1.6799464952969875E+000
 285  2.8500000000000017E-001 285  2.8500000000000017E-001  1.6803345128246418E+000
 286  2.8600000000000020E-001 286  2.8600000000000020E-001  1.6807287984561019E+000
 287  2.8700000000000018E-001 287  2.8700000000000018E-001  1.6811313036469974E+000
 288  2.8800000000000022E-001 288  2.8800000000000022E-001  1.6815363845296000E+000
 289  2.8900000000000019E-001 289  2.8900000000000019E-001  1.6819419156370662E+000
 290  2.9000000000000021E-001 290  2.9000000000000021E-001  1.6824331972735939E+000
 291  2.9100000000000019E-001 291  2.9100000000000019E-001  1.6829541107931465E+000
 292  2.9200000000000020E-001 292  2.9200000000000020E-001  1.6833298652005924E+000
 293  2.9300000000000018E-001 293  2.9300000000000018E-001  1.6836215449512589E+000
 294  2.9400000000000021E-001 294  2.9400000000000021E-001  1.6837920378876026E+000
 295  2.9500000000000019E-001 295  2.9500000000000019E-001  1.6839064610203122E+000
 296  2.9600000000000022E-001 296  2.9600000000000022E-001  1.6839350977924798E+000
 297  2.9700000000000020E-001 297  2.9700000000000020E-001  1.6840656320441151E+000
 298  2.9800000000000022E-001 298  2.9800000000000022E-001  1.6842396383243629E+000
 299  2.9900000000000019E-001 299  2.9900000000000019E-001  1.6844603591001718E+000
 300  3.0000000000000022E-001 300  3.0000000000000022E-001  1.6847050341747593E+000
